============================================================
 Dim=50 Seed=0 File=svpchallengedim50seed0.txt
============================================================
--- Initial ---
  Ratio: 1.42075354
  Defect: 49.13197087  MaxCos: 0.614357  MinCos: 0.000007
  b1 = [-62, 263, 94, 950, 170, 68, -143, 66, 14, 140, -125, 511, -78, 664, -691, 269, 3, 117, 104, 304, -264, 272, -66, 76, 423, -240, 263, -506, 392, -448, 183, -404, -786, -161, -437, -132, 93, 53, -267, 419, -611, 391, -20, 118, -287, -315, 754, -69, 107, -1]

--- New Best (Episode 1) ---
  Ratio: 1.26830887
  Defect: 46.72766844  MaxCos: 0.607167  MinCos: 0.000123
  b1 = [-274, -245, -79, -256, 32, -208, 247, -182, 83, 387, 419, -1137, 162, -103, -421, 508, -36, 277, -7, -67, -368, -195, 250, 65, 147, -574, -320, 493, 82, -107, 295, -101, -700, -18, 363, -178, -62, -114, -410, 22, -353, 7, -50, 51, 38, 38, -525, -102, 226, -67]

--- New Best (Episode 1) ---
  Ratio: 1.14995850
  Defect: 45.27582332  MaxCos: 0.593521  MinCos: 0.000511
  b1 = [-188, 155, -58, -308, 242, -603, 283, -317, 507, -30, -541, 142, -63, 244, 440, -82, -33, -16, 425, 288, 303, -353, 379, 640, -322, -97, 60, -145, -341, -112, 413, 14, 45, -112, 47, -355, 100, -303, 539, 143, 308, 442, -47, -53, -172, -41, 0, -83, -106, 231]

--- New Best (Episode 1) ---
  Ratio: 1.11192115
  Defect: 42.29233357  MaxCos: 0.605409  MinCos: 0.000031
  b1 = [94, 602, 427, -308, -4, -173, -288, 305, -86, 99, -247, 369, -111, -138, 84, -33, -182, 25, 42, 86, -571, 419, -273, -256, 516, 9, 314, 125, 164, -221, 521, 701, -73, 68, -11, -101, -407, -25, -226, -210, -233, -291, 228, 234, -13, 310, -127, 160, -267, 101]

--- New Best (Episode 1) ---
  Ratio: 1.06577098
  Defect: 41.32851073  MaxCos: 0.575733  MinCos: 0.000010
  b1 = [-263, -46, 76, -135, 424, 153, 380, -272, 297, 46, 161, -470, -34, 21, -193, -265, 497, -316, -143, -18, 342, 184, -184, 119, -168, 32, -171, -104, -330, 49, 552, 208, -380, -164, -136, -246, 59, -134, -306, -90, 111, 576, -400, 137, 211, 640, 0, 65, -36, 198]
