============================================================
 Dim=59 Seed=6 File=svpchallengedim59seed6.txt
============================================================
--- Initial ---
  Ratio: 1.72881967
  Defect: 74.50704367  MaxCos: 0.684782  MinCos: 0.000066
  b1 = [-252, 152, 377, -344, 11, -578, -808, -45, -125, 315, 224, 257, -215, -296, -6, -1, 789, -230, -306, 396, -582, 188, 481, 634, -275, -373, -408, 332, 125, 98, -174, -531, -79, -806, -19, 393, 793, 503, 184, -160, -322, 197, -366, 550, -360, -296, 639, 329, 1188, 865, -269, -743, 273, 517, -204, 202, -30, 134, 0]

--- New Best (Episode 1) ---
  Ratio: 1.46040375
  Defect: 71.97560454  MaxCos: 0.549368  MinCos: 0.000116
  b1 = [57, -199, 60, 96, -36, -687, -402, 246, 193, -184, 297, -237, 239, -247, -134, 187, -73, -407, 502, 405, -82, 351, -111, 289, -347, -262, 20, 501, -155, -104, 381, 37, -630, 537, -270, 384, -406, -452, -1070, -44, 840, -300, -213, -490, -68, 425, -381, -321, 535, 344, -18, 173, -541, 178, 464, -192, 15, -393, 19]

--- New Best (Episode 1) ---
  Ratio: 1.16430429
  Defect: 62.99235746  MaxCos: 0.595163  MinCos: 0.000116
  b1 = [178, 352, -146, -180, 366, -823, -710, -301, -17, -439, -70, -156, 110, 233, -136, 66, -146, 265, -349, -163, -109, -22, -315, -47, -360, 153, 537, 149, 87, 83, -297, -78, -680, 527, -14, -82, 473, 306, 29, -5, -273, -3, -521, -42, 207, -169, 20, -128, 463, 49, 355, 206, 151, 21, 107, 320, 5, -9, 40]

--- New Best (Episode 1) ---
  Ratio: 1.04335219
  Defect: 60.30834543  MaxCos: 0.642179  MinCos: 0.000054
  b1 = [165, 331, 5, -219, -233, -305, 266, -201, -88, 221, 113, -268, 5, -356, 222, 262, -161, -44, 382, -346, 142, 228, -137, 225, -19, 324, 290, 362, 554, 88, 190, 416, 445, -510, -286, 365, -275, 206, -59, 54, 58, -440, 264, 295, -288, 151, 29, 250, 40, 238, -103, -280, -305, 157, -404, -137, -109, 172, 3]

--- New Best (Episode 29) ---
  Ratio: 1.02804137
  Defect: 55.36418843  MaxCos: 0.601262  MinCos: 0.000162
  b1 = [-155, 29, -401, 168, -542, -337, 261, -512, 421, 89, -82, 120, -171, -259, 76, -319, -252, -234, 231, -4, -384, 247, 96, 305, -180, 413, -100, 205, 179, -68, 211, 378, -64, -65, 382, -76, 154, -239, 294, -245, 31, 3, -141, -156, -134, -383, -124, -40, -5, -58, -207, 485, 317, 562, -98, 5, -58, -26, -393]
