============================================================
 Dim=57 Seed=42 File=svpchallengedim57seed42.txt
============================================================
--- Initial ---
  Ratio: 1.83617499
  Defect: 69.74720781  MaxCos: 0.706614  MinCos: 0.000503
  b1 = [-186, 555, -490, -587, 403, -234, -465, -708, -193, 463, -1148, -132, -930, -14, -265, 214, -322, -648, -245, 249, -620, -26, 204, -740, -8, -296, 935, 253, 2, -458, 172, 448, -245, 1061, -1029, -122, -300, -138, 192, 346, 319, -465, -240, -74, -370, -384, 473, 50, -188, 93, 350, -686, 199, -405, 31, 0, 0]

--- New Best (Episode 1) ---
  Ratio: 1.53712164
  Defect: 63.88726994  MaxCos: 0.597924  MinCos: 0.000022
  b1 = [-55, 473, -123, -620, 188, 129, 292, -394, -106, 545, -111, -438, -86, 711, -568, -123, -459, -731, -300, 441, -703, 3, -159, -869, 519, 45, 171, 74, 247, -307, 827, -82, 247, 224, -416, -167, 68, 255, 153, 200, 865, 344, -214, -34, -564, -356, 577, -168, -283, -144, 333, -42, 99, -293, 187, -55, 38]

--- New Best (Episode 1) ---
  Ratio: 1.17030647
  Defect: 62.17772210  MaxCos: 0.612462  MinCos: 0.000033
  b1 = [-69, -352, -341, 122, 48, 542, 394, 539, 201, -129, 281, -41, 22, 210, 406, -22, -60, 54, 340, -45, -81, -10, -181, 45, 138, -227, -318, 103, -17, 8, -487, 260, 549, -398, 368, 332, -523, -202, 279, -656, 393, 398, 366, 22, 25, 256, 364, -321, 198, -384, 205, 313, 292, 165, -95, 216, -95]

--- New Best (Episode 1) ---
  Ratio: 1.07335763
  Defect: 54.65574467  MaxCos: 0.530096  MinCos: 0.000054
  b1 = [-364, 45, -53, 172, -442, -340, 448, 90, -29, 59, 67, 309, 133, -30, 40, 306, -69, 252, -150, -237, 250, -20, -83, -121, 167, 512, -222, 270, -19, 354, 380, 13, -362, -5, -153, 227, 28, 90, -268, -198, -227, -11, 618, -362, -281, 87, 476, -133, 597, -626, -316, 264, 232, 82, 17, -55, -42]

--- New Best (Episode 3) ---
  Ratio: 1.03611348
  Defect: 53.61076032  MaxCos: 0.556412  MinCos: 0.000333
  b1 = [-457, -81, -222, -115, 45, -398, -457, 383, 301, -83, 473, 114, 48, -95, 334, -400, 272, -255, -37, 117, 48, 329, 254, 95, 168, -161, -182, 161, -248, -222, -345, -403, -111, -242, 38, -436, -172, 329, -106, 532, -41, 135, 22, 35, 33, 146, 181, -41, 404, 14, -178, 393, -97, -125, 425, -398, 89]
