============================================================
 Dim=53 Seed=0 File=svpchallengedim53seed0.txt
============================================================
--- Initial ---
  Ratio: 1.63179037
  Defect: 59.39514775  MaxCos: 0.686034  MinCos: 0.000203
  b1 = [-382, -738, -155, 587, 664, -265, -140, -291, 434, -89, -299, 235, -310, 210, -394, -606, 42, 186, -497, 74, -176, -496, 141, -420, 853, 749, 358, -393, 170, -333, -422, 145, -366, -831, 81, -475, -155, 128, -908, -382, -234, -186, 318, -134, 233, -252, 349, -2, -19, -73, -556, -585, -35]

--- New Best (Episode 1) ---
  Ratio: 1.17913091
  Defect: 50.17287700  MaxCos: 0.589571  MinCos: 0.000000
  b1 = [-291, 96, 281, 52, 602, 172, 110, 195, -45, -98, -539, -339, 319, -154, -152, -17, -281, -490, -219, 147, 209, 3, -39, -71, -287, 175, -382, -443, -292, -180, -155, 288, 181, -522, 72, -42, -280, 519, -577, -292, 265, -120, -75, 506, -272, 117, 4, -220, -429, 302, -106, -188, -516]

--- New Best (Episode 1) ---
  Ratio: 1.15181637
  Defect: 50.18053271  MaxCos: 0.569852  MinCos: 0.000368
  b1 = [220, 359, -608, 80, 183, 239, 13, -458, -172, 276, -167, 275, 340, -247, 97, 206, 168, -672, 260, 2, 129, 367, 405, -422, -82, -206, -215, -606, -14, 247, -130, -82, 49, 500, -100, 107, -301, 28, -158, 476, -35, -73, -117, -169, 381, -297, 178, -296, -284, 135, -184, 156, -438]

--- New Best (Episode 1) ---
  Ratio: 1.10522550
  Defect: 49.44524140  MaxCos: 0.615391  MinCos: 0.000843
  b1 = [322, -43, 421, -302, 151, -2, 28, -157, -232, 168, -232, -404, 200, 230, 49, 28, -447, -46, -82, 210, -280, 251, 132, 423, 538, 113, -341, 88, -316, 7, 282, -117, -114, 97, -456, -416, 314, -282, -355, 315, 440, -122, -84, -11, -531, -20, 253, -287, -548, -126, 117, -228, -224]

--- New Best (Episode 1) ---
  Ratio: 1.04478859
  Defect: 46.13818851  MaxCos: 0.605242  MinCos: 0.000050
  b1 = [24, 90, -287, 226, -728, 26, 279, 74, -266, -9, -16, -43, -120, -14, -460, 217, 281, -330, -46, 292, 201, -157, -310, -115, 215, -410, -462, -84, -176, -261, -190, -52, -39, -149, 16, -389, 381, 224, 64, 111, 180, 178, -157, 516, 13, -218, 153, 125, -281, 437, -461, 196, -142]
