============================================================
 Dim=51 Seed=1 File=svpchallengedim51seed1.txt
============================================================
--- Initial ---
  Ratio: 1.49032803
  Defect: 53.28531027  MaxCos: 0.643079  MinCos: 0.000476
  b1 = [-665, 89, -352, -123, -591, -164, -195, -1013, 128, -32, 477, 129, 699, -443, -153, 52, 82, -17, 104, -679, 461, -284, 1, -35, -259, -517, 172, -688, -167, -437, 135, 199, 69, -386, -2, -132, -342, -294, 519, -450, 484, -442, -27, -58, -234, -38, 101, 557, 515, -112, 64]

--- New Best (Episode 1) ---
  Ratio: 1.12648202
  Defect: 48.91966702  MaxCos: 0.608593  MinCos: 0.000165
  b1 = [-506, 175, -142, 369, -196, -125, 204, 257, 715, -84, -195, -199, -16, -93, 584, 96, 15, -77, 433, -96, 3, 352, 247, 134, 153, 68, 328, 564, -115, -224, -136, -186, -151, 588, -276, -174, 133, 15, -133, 111, 566, -205, 90, -52, -159, 76, -186, -54, 214, -586, 107]

--- New Best (Episode 1) ---
  Ratio: 1.09259304
  Defect: 43.98787709  MaxCos: 0.587565  MinCos: 0.000021
  b1 = [207, 374, 181, 3, 365, -79, 352, 73, 307, -186, -362, 429, 363, 139, -97, -245, 73, -51, -147, -96, -250, 247, -127, 280, -110, 554, 148, -169, 306, -675, 217, 125, -52, -19, 26, 251, -337, -43, -177, -310, -446, 251, 16, 67, 165, -526, -371, -94, 0, -432, -264]

--- New Best (Episode 2) ---
  Ratio: 1.08634814
  Defect: 43.14821156  MaxCos: 0.534666  MinCos: 0.000080
  b1 = [-115, 8, -473, 28, -368, 158, 206, -38, 140, -25, -497, -19, -63, 351, -107, -240, 172, -19, 489, 279, -316, 24, 307, -201, -514, 301, 3, 222, 201, -545, -192, -319, 129, 192, 693, -402, 413, -162, -142, -291, 60, 72, 46, -289, -192, 15, -77, -183, 44, 11, -300]

--- New Best (Episode 4) ---
  Ratio: 0.99181860
  Defect: 43.40262106  MaxCos: 0.582888  MinCos: 0.000001
  b1 = [-251, -397, -438, 351, 97, -483, 233, 589, 268, -149, -55, 3, -125, 11, 150, 9, -7, 26, -141, 12, 131, -267, -224, -278, 166, 196, -355, -11, 355, 25, 41, -62, -67, 59, -15, 679, 148, -401, 430, 105, -128, -142, -99, -48, -171, -227, -252, -213, -30, -67, 238]
