============================================================
 Dim=55 Seed=1 File=svpchallengedim55seed1.txt
============================================================
--- Initial ---
  Ratio: 1.70214525
  Defect: 60.84780070  MaxCos: 0.692586  MinCos: 0.000349
  b1 = [-66, -116, 337, 287, -234, -388, -163, 349, -92, -538, -420, 210, 255, -728, -628, 951, 245, -153, 299, 242, 284, 369, -207, 582, -89, 342, 352, 95, 545, 395, 384, -672, 806, -414, 817, -316, 524, -507, 398, -123, 88, 623, -45, -97, -916, 277, -400, 93, 294, -286, 210, 744, -1, 150, -11]

--- New Best (Episode 1) ---
  Ratio: 1.13965904
  Defect: 59.34270885  MaxCos: 0.634762  MinCos: 0.000204
  b1 = [420, 152, 522, -43, -350, 41, 322, -396, -270, -248, -5, 117, 223, 396, -4, 178, 176, -92, -148, 558, -251, 370, 241, -561, -97, -125, 327, 3, -191, -1, 430, -56, 538, -235, 262, 52, 88, 99, 469, 236, 214, 52, 128, -206, -185, 158, 87, 154, -413, 572, 348, 52, -227, 360, -298]

--- New Best (Episode 1) ---
  Ratio: 1.07687541
  Defect: 52.17203547  MaxCos: 0.645310  MinCos: 0.000027
  b1 = [-155, 121, 606, 589, 439, 44, 263, 193, -12, -273, 405, -250, 156, 36, 42, -27, 87, 281, -100, -245, -245, -336, 122, -329, 337, -260, 100, -18, -75, 87, -227, -220, -50, 2, 144, -421, 481, 157, -40, 438, 386, -77, 156, -143, -54, -398, -22, -103, 267, -621, 27, -149, 78, -415, 243]

--- New Best (Episode 4) ---
  Ratio: 1.05685679
  Defect: 51.52466185  MaxCos: 0.631053  MinCos: 0.000139
  b1 = [348, 168, -114, -137, -37, -247, -180, -426, 140, -256, 146, -22, 274, 137, -116, -396, -270, 200, 144, 126, 681, -121, 114, 94, 436, -393, 785, 97, 262, -66, -125, 133, 148, -14, -452, 78, -273, 247, -373, -471, -263, 139, 146, 86, 218, 396, 28, -115, 41, -37, -106, 206, -155, 4, -192]

--- New Best (Episode 12) ---
  Ratio: 1.04248602
  Defect: 49.04146552  MaxCos: 0.557498  MinCos: 0.000068
  b1 = [79, -153, 17, -237, -261, 320, -662, -73, -289, 466, -45, 31, -44, -134, 35, 229, 175, -79, 82, 138, -267, 154, -260, 268, 277, 115, 554, -52, 369, 2, 263, 410, 109, -102, 225, 19, -294, 181, 90, -144, -173, -167, -440, -64, 158, 60, -580, -395, 528, 44, 11, 180, -251, -300, 156]
