============================================================
 Dim=54 Seed=1 File=svpchallengedim54seed1.txt
============================================================
--- Initial ---
  Ratio: 1.40543748
  Defect: 57.62516415  MaxCos: 0.574229  MinCos: 0.000087
  b1 = [-145, -296, 364, -135, -50, -601, 7, 315, 192, 400, -9, -254, -210, 263, -457, -69, -306, 366, -568, 185, 66, -153, -414, -410, 376, 391, -114, 471, -77, -519, -487, -518, -552, -861, 325, -650, -235, -463, -346, 100, 77, -27, -40, 319, 103, -315, 242, 213, -253, -489, 523, -162, 47, -8]

--- New Best (Episode 1) ---
  Ratio: 1.21260723
  Defect: 56.25979426  MaxCos: 0.624620  MinCos: 0.000087
  b1 = [104, -64, -470, 187, 319, 456, 82, -186, -45, -209, -432, 322, -186, -416, 450, 360, -93, -15, 256, 41, -40, 243, -33, 139, 155, 28, -954, -4, 500, 394, 141, -79, 487, -158, -71, 374, 32, -574, 50, -246, -693, -99, 99, 41, 537, -88, -400, -28, -97, -77, -94, 106, -66, 10]

--- New Best (Episode 1) ---
  Ratio: 1.16238395
  Defect: 53.67429833  MaxCos: 0.539132  MinCos: 0.000122
  b1 = [702, 452, -33, 39, -112, -70, -126, -121, -355, 95, -491, -581, 399, 101, 82, 392, -15, -159, 88, -170, -167, 16, 308, 198, -405, 310, -38, -3, 205, 288, -82, -205, -97, 459, 335, 60, 153, 52, 197, -151, 283, 127, 257, 15, -27, 322, 252, -155, 338, -241, -791, 117, -623, 13]

--- New Best (Episode 1) ---
  Ratio: 1.11443103
  Defect: 49.26516735  MaxCos: 0.562830  MinCos: 0.000217
  b1 = [-245, -43, 464, -97, 261, -262, -355, 200, -188, -334, -44, 225, -328, -264, -257, -353, -303, 193, -365, -331, -117, 420, 187, 160, 324, 159, -25, -76, 83, 364, 235, -105, 174, 439, 267, -365, -151, 466, 467, -374, 150, -44, 318, -97, -48, -153, -1, -279, 375, 451, -7, -458, 251, 262]

--- New Best (Episode 2) ---
  Ratio: 1.00946578
  Defect: 48.67754205  MaxCos: 0.612890  MinCos: 0.000126
  b1 = [255, -374, 328, 115, 358, -196, 175, 109, 348, -421, 167, 78, -166, 396, 145, -152, -335, 185, 167, 76, -82, -295, 40, 28, -73, 0, -24, 103, 220, 336, 230, -328, 55, -97, 453, -315, 117, 528, 191, -12, 284, -73, -243, 150, -265, -401, 295, 337, -57, -491, 223, 35, 201, -222]
