============================================================
 Dim=59 Seed=0 File=svpchallengedim59seed0.txt
============================================================
--- Initial ---
  Ratio: 1.67693288
  Defect: 72.13349047  MaxCos: 0.621185  MinCos: 0.000261
  b1 = [120, 53, 96, 47, 847, -457, 717, 37, 315, 534, 42, 133, 6, -561, 337, 328, -26, -81, 373, -476, -213, -774, 485, -31, 395, 169, 10, 559, -263, 799, 114, 210, -519, 257, 221, 875, 400, 60, -109, 245, 125, 1281, 374, -12, 486, 651, 231, -329, -9, 569, -237, 569, -115, -660, 176, -243, -46, 6, 0]

--- New Best (Episode 1) ---
  Ratio: 1.22062947
  Defect: 67.48362843  MaxCos: 0.584988  MinCos: 0.000206
  b1 = [121, -109, -217, -18, -10, -486, 447, -196, 372, -259, 413, 12, 132, -232, -428, -416, -276, 7, -19, -34, 106, -295, 228, 665, -278, -282, 34, 175, -412, -402, -248, -49, 440, 328, -181, -50, -423, -79, -36, -151, 345, 342, 445, 162, -115, -64, 884, 537, -94, -441, 258, -46, 194, -353, 127, -84, -253, -359, -202]

--- New Best (Episode 1) ---
  Ratio: 1.13884167
  Defect: 64.52395558  MaxCos: 0.591393  MinCos: 0.000127
  b1 = [-12, -417, -114, 218, 376, 207, -474, -403, 200, -29, -59, -521, -149, -122, -173, -474, 257, -394, -118, 513, 180, 92, 334, -295, 222, 92, 608, -114, 42, -315, -25, 200, -200, -14, -95, 437, 170, -238, 81, -121, 334, -7, -611, -163, 533, 96, -11, -241, 117, 413, -363, -60, 62, -494, 208, -90, 122, -320, -114]

--- New Best (Episode 1) ---
  Ratio: 1.13880312
  Defect: 57.38165809  MaxCos: 0.558307  MinCos: 0.000363
  b1 = [193, -89, 343, -246, 231, -199, 162, -569, 167, 293, 286, -161, -232, 162, -583, 12, 42, -296, -211, 194, 722, -60, 259, 290, 282, -128, 262, -228, 233, -368, 96, 99, 320, -218, 65, 245, -919, -108, 433, 72, 90, 69, -332, 173, -3, -208, 152, 107, 143, 453, 3, -10, 133, -64, -427, -64, 163, 211, -335]

--- New Best (Episode 1) ---
  Ratio: 1.04348486
  Defect: 55.67325289  MaxCos: 0.574028  MinCos: 0.000024
  b1 = [-62, 59, -397, 432, 102, 143, -188, -196, -323, -274, 13, -228, 380, 208, -37, 225, 93, 173, 101, -332, 6, 14, 37, 490, 112, 183, -417, -351, -515, -22, 295, 375, 173, -25, 118, 213, 83, 650, 199, -338, -511, -137, 108, -235, -277, 123, 396, 73, 276, 24, 150, 218, -240, 23, -210, -168, -358, 284, 122]
