============================================================
 Dim=68 Seed=0 File=svpchallengedim68seed0.txt
============================================================
--- Initial ---
  Ratio: 2.17121530
  Defect: 101.61374644  MaxCos: 0.619812  MinCos: 0.000023
  b1 = [-29, -261, 572, 265, 865, -192, 234, -211, 305, 340, 588, 611, -579, 712, 70, -267, 463, 1023, 23, 717, 431, 15, 388, 193, 67, 164, 422, 887, 900, -366, -899, -1060, -719, 347, -13, 337, -1162, -26, -1825, 79, 779, 443, -455, -217, -116, 557, 186, 765, -223, -126, -169, 279, -477, -68, -593, 410, -763, -511, 264, -545, -358, 602, 466, 96, 10, -1, 0, 0]

--- New Best (Episode 1) ---
  Ratio: 1.26124514
  Defect: 82.80590098  MaxCos: 0.568910  MinCos: 0.000168
  b1 = [-346, -52, -239, -47, 516, 108, 4, 65, 739, -32, 369, -253, 514, 49, 155, 378, -352, -838, -53, 400, -300, -73, -119, -160, -489, 46, -154, 309, 38, 712, -240, -454, -231, 135, 8, -102, 329, 13, -296, -180, -228, 82, 474, 441, 69, 122, -143, -91, 46, 198, -34, -206, 68, 433, -361, -175, -283, -206, 389, -472, 427, -89, 603, 532, 127, 204, -113, 54]

--- New Best (Episode 1) ---
  Ratio: 1.12030890
  Defect: 76.49251633  MaxCos: 0.582546  MinCos: 0.000027
  b1 = [186, -88, -32, -385, 148, 84, 254, -140, -435, 342, 26, -588, -9, 141, 257, 55, -496, -199, -512, -190, -165, 326, 227, -5, -143, 16, -328, -83, -66, 0, 0, -18, 373, 146, -13, -80, 10, 595, 547, 157, -5, 124, 657, 248, -463, -68, -525, -214, 35, 356, 79, -329, -2, 17, -413, -203, -42, 380, 114, 351, -63, 138, 132, 265, -70, -483, 145, 488]

--- New Best (Episode 1) ---
  Ratio: 1.09260451
  Defect: 71.29877675  MaxCos: 0.566372  MinCos: 0.000033
  b1 = [-314, 246, 59, -298, 190, 78, 607, -82, 390, 97, -226, 86, -403, -60, 499, 133, 5, -115, -416, 114, -39, -80, 346, 6, -382, -339, -358, 311, 315, 408, -377, 171, 395, -187, 266, -6, -284, 140, -206, -117, -304, -68, 87, -134, 415, -74, -137, 90, 148, -46, 193, 175, -4, 7, -496, 137, -127, 41, 143, -221, 477, -475, 466, 16, 290, -209, -570, -238]

--- New Best (Episode 7) ---
  Ratio: 1.02344529
  Defect: 72.20690349  MaxCos: 0.545840  MinCos: 0.000190
  b1 = [-465, 74, -66, -168, 73, 202, 116, 314, 218, 210, 165, 258, -135, 433, 3, -87, 84, -386, 207, -142, -2, 283, -110, 104, 140, -10, 335, -242, -198, -155, 239, 507, -251, -16, 178, 143, -102, -74, 170, -382, -349, -177, -103, -249, 315, 333, 561, -763, 168, 161, 105, 26, -78, -189, -384, -160, -559, 132, 375, -230, 168, 94, 64, -78, -213, 173, 143, 218]
