============================================================
 Dim=63 Seed=0 File=svpchallengedim63seed0.txt
============================================================
--- Initial ---
  Ratio: 1.79093995
  Defect: 83.21239582  MaxCos: 0.709450  MinCos: 0.000009
  b1 = [394, -353, 620, 749, -1058, 82, 141, 400, 6, -652, 900, -197, -163, 540, 79, -534, 376, 39, -584, 1028, 14, 117, -549, -49, 208, -286, -361, 998, -178, 269, 34, -200, -874, -449, -146, 542, -261, -787, -116, 400, 288, 345, -342, 316, -337, -118, -355, -278, 661, 440, -136, -119, 338, 40, 185, 267, -312, 743, -194, 83, 0, 0, 0]

--- New Best (Episode 1) ---
  Ratio: 1.22621606
  Defect: 69.15882887  MaxCos: 0.573765  MinCos: 0.000014
  b1 = [584, 236, -209, 296, -190, -64, -107, 538, 100, -355, 70, -125, -210, -505, 106, 310, -538, -179, 9, -381, -362, 234, -339, -327, -369, 58, 348, 378, 281, -140, -167, -165, -373, -103, 417, -4, -353, 437, -375, -326, 241, 43, -9, -858, 42, 12, -193, -125, 365, 9, 410, 366, -614, 282, 47, 46, -29, 9, 29, 396, -164, -68, -60]

--- New Best (Episode 1) ---
  Ratio: 1.13422184
  Defect: 66.02962609  MaxCos: 0.581545  MinCos: 0.000002
  b1 = [-366, -310, -263, -353, 480, 446, -29, 120, -308, 162, 191, 357, 472, -133, -23, 340, -11, 34, 173, -324, 267, 331, 44, -445, -291, -3, 323, -436, -295, 36, -295, -69, 570, 106, 29, 148, 403, 17, 32, 78, -86, -284, 202, 491, 111, -146, -81, -412, 285, -66, -253, 44, 383, 582, -293, -198, -138, -303, 92, -141, -371, 282, -236]

--- New Best (Episode 1) ---
  Ratio: 1.05161805
  Defect: 62.52122409  MaxCos: 0.601588  MinCos: 0.000147
  b1 = [-513, 55, -388, 16, 176, 121, 194, 76, 124, -174, 406, 144, -96, 261, -216, 265, -56, 282, 183, -544, -80, 169, 354, -347, 179, -152, -83, 397, 47, -305, -111, -64, -86, 320, -194, -108, 380, -105, 575, -152, -287, 87, 257, 254, -24, -332, -217, -238, -120, 297, 158, -322, -81, -391, -367, -481, 50, -333, -308, -154, -246, 218, 173]

--- New Best (Episode 14) ---
  Ratio: 1.03672364
  Defect: 62.40555328  MaxCos: 0.563092  MinCos: 0.000584
  b1 = [-74, -3, -45, 416, 174, -227, -83, -44, 77, -263, -354, 102, -313, 449, -397, 176, -395, -56, 259, 188, -217, 165, 179, -40, -134, 255, 367, 1, 485, 129, -143, 192, -341, 83, 343, -181, 372, -136, 216, 124, -435, 219, -655, -32, 109, 3, 172, -322, 11, -277, 232, 184, -51, 372, -198, -436, -149, -346, 256, -275, -29, -236, -148]
