============================================================
 Dim=67 Seed=0 File=svpchallengedim67seed0.txt
============================================================
--- Initial ---
  Ratio: 1.57024733
  Defect: 88.68042275  MaxCos: 0.588328  MinCos: 0.000066
  b1 = [-18, -99, -792, 307, -885, 367, -261, -157, 255, 27, -101, -189, -605, 112, -743, -546, -179, -585, -162, -232, 354, 359, -533, 114, 377, -273, -31, 90, 282, -161, -315, 181, 73, 55, 454, -207, -127, -594, -872, -213, -217, 499, -10, 309, -200, 499, 285, -554, -23, 164, -311, -350, 151, 305, 404, 6, 987, 295, 593, 58, -230, 732, -169, -298, 482, 91, 18]

--- New Best (Episode 1) ---
  Ratio: 1.25681736
  Defect: 78.48365161  MaxCos: 0.611635  MinCos: 0.000123
  b1 = [-598, -303, 225, 187, 241, -48, 409, 346, 869, 58, 36, -84, 326, -26, -153, 56, 184, -138, 206, 176, 159, -203, 445, -306, 459, -62, -291, -484, 164, 519, -216, 543, -611, 353, -48, -210, 163, 135, -242, 33, -184, -311, 46, -228, -234, 520, -646, 230, -52, 156, -5, -186, 384, -257, 462, -544, -463, 28, -351, -104, -35, 288, 70, -15, 47, -269, 62]

--- New Best (Episode 1) ---
  Ratio: 1.12654524
  Defect: 76.19260764  MaxCos: 0.611635  MinCos: 0.000144
  b1 = [-114, 199, 37, -328, 314, -246, 106, 36, 261, 117, -365, 92, 224, 125, -418, 177, -448, -14, -325, -225, 92, 12, -212, -194, -185, 260, -248, -143, 35, 152, -967, 176, -394, -328, 447, -103, -127, -289, 718, -127, -11, -455, -404, -489, 16, -30, -223, -302, -200, -161, 26, -64, -41, -324, -83, 122, -42, -293, -261, -133, 276, -393, 126, 69, 329, 83, 266]

--- New Best (Episode 1) ---
  Ratio: 1.08812000
  Defect: 71.94970759  MaxCos: 0.610105  MinCos: 0.000039
  b1 = [-411, 86, 25, -149, -245, -309, 531, 5, 628, 252, 26, -240, 26, 152, -84, -364, 43, -425, -64, 95, 96, 201, 217, 32, 402, -86, -555, -444, 40, -364, -2, -118, -663, -49, -11, 158, -76, -209, -272, 523, -87, 526, -392, -137, -65, 72, -96, -20, -94, -54, 154, -153, -266, 334, -100, 98, -219, 417, 68, 141, 543, 60, -99, -65, 398, -71, 139]

--- New Best (Episode 6) ---
  Ratio: 1.04457623
  Defect: 70.91876338  MaxCos: 0.581115  MinCos: 0.000013
  b1 = [84, 271, 197, 123, -284, -338, -200, -37, 123, -343, -462, -216, 252, 102, 168, -212, 82, 531, -238, -319, 203, -213, -176, -275, -81, -538, -34, 189, -9, -139, -46, -47, 327, -339, 236, 255, -279, -481, 193, -202, 338, 244, 408, -67, 59, 83, 190, -345, -73, 43, 219, -299, 159, -40, 719, 427, -100, -8, 90, -113, -51, 77, 198, -431, 262, -219, 1]

--- New Best (Episode 58) ---
  Ratio: 1.01882724
  Defect: 69.66299546  MaxCos: 0.559204  MinCos: 0.000010
  b1 = [90, 70, -95, 213, -124, -24, -116, -477, 224, 33, -376, 123, 7, -32, -14, -262, 116, -66, -127, -148, -18, 175, 359, 584, -113, 118, -104, -347, -300, 297, -340, 197, 56, -317, 337, -141, -56, 59, 263, -474, 23, -7, -381, -215, 693, 249, 104, 259, -96, -222, -175, -154, -206, 489, -684, -128, 107, 36, -336, -170, 137, -169, 59, -270, -128, -106, -41]
