============================================================
 Dim=71 Seed=0 File=svpchallengedim71seed0.txt
============================================================
--- Initial ---
  Ratio: 2.02952001
  Defect: 106.29081147  MaxCos: 0.634828  MinCos: 0.000053
  b1 = [-138, -327, -389, 397, -547, -213, 860, -620, -313, 214, 859, -1372, 12, -688, -382, -38, 426, 47, -377, -39, 69, 414, -80, -212, -663, -1014, 479, 979, 310, 3, 278, -245, 552, 343, -206, -673, 1320, 439, 358, -558, -172, 46, -339, -221, 588, -110, -18, -857, -287, 75, -811, -407, 112, -429, 557, -22, 262, 764, -544, 754, 182, -13, 27, -465, 1063, 218, 448, 107, 89, -2, 0]

--- New Best (Episode 1) ---
  Ratio: 1.86845688
  Defect: 101.75672737  MaxCos: 0.610151  MinCos: 0.000008
  b1 = [38, -130, -640, -129, 91, -682, 1006, -322, 1104, 777, 135, -179, 34, -503, 329, -233, 688, -11, -440, -120, 394, 365, 373, 96, 222, 58, 710, 572, -590, -721, 437, -435, -460, 223, -429, 387, 7, -421, 743, 550, -336, 399, 10, 473, 457, -1047, 679, -501, -566, -365, -162, 178, 9, 37, 851, -451, 205, -444, 876, 46, -476, -398, 145, 456, 373, -12, 465, -77, 165, -40, -36]

--- New Best (Episode 1) ---
  Ratio: 1.22841075
  Defect: 98.36186457  MaxCos: 0.642964  MinCos: 0.000098
  b1 = [114, 369, -607, 424, 369, -179, 305, -41, -423, 630, -145, 148, -240, -71, 153, 388, -107, 554, 163, 94, -498, -167, -148, 43, 263, -99, 136, 105, 384, -370, 173, -427, 56, 235, 259, -418, 259, -134, -415, 247, 63, 619, -178, 362, -1, -86, -702, -415, -511, 292, -337, 89, 433, 36, 163, -167, -324, 342, -101, -140, 34, 244, -114, -281, -519, 43, 438, -130, -158, 15, -144]

--- New Best (Episode 1) ---
  Ratio: 1.20192285
  Defect: 82.81696140  MaxCos: 0.533211  MinCos: 0.000103
  b1 = [-276, 221, 454, -114, 191, -262, 316, -285, 269, -330, 390, 65, 5, -279, 266, 64, -281, 514, -125, -103, -484, 65, 550, -50, -721, -518, -162, 277, 256, 81, -514, 550, -153, -110, 83, -87, -2, 52, 433, -133, -215, 290, 223, -134, -213, 33, -412, -91, 623, -142, -318, 382, 195, -18, 75, -42, -137, -486, -376, -336, -215, -495, 97, 42, 153, -337, -161, -224, -293, -15, -470]

--- New Best (Episode 1) ---
  Ratio: 1.14584748
  Defect: 83.74333026  MaxCos: 0.526258  MinCos: 0.000290
  b1 = [355, 3, 28, 406, -111, -190, -91, -72, 513, 112, 214, 572, -147, 315, -251, -449, 211, -91, -678, 108, -83, -334, 45, -320, -158, -247, -79, 334, 239, 74, 94, 14, -257, 301, -4, 126, -252, -279, 253, -202, -53, 323, -486, 434, -603, 162, 91, 289, -325, 184, -397, 60, 298, -409, 106, -111, 401, 194, -739, 192, 440, 248, 338, -195, 100, 0, -45, -86, -204, 124, -130]

--- New Best (Episode 3) ---
  Ratio: 1.10196547
  Defect: 80.81009938  MaxCos: 0.542398  MinCos: 0.000133
  b1 = [-156, -56, -499, -66, 159, 270, -109, 222, -77, -192, 157, -104, 118, 577, -329, -6, -250, -82, 451, 379, -331, 168, 127, 318, 138, 403, -278, -161, 97, -610, 273, 8, 178, -430, -448, -286, 181, -2, 475, 2, -25, 35, 326, -131, 46, 403, -287, -92, 423, 78, 387, 45, -187, 47, -86, 242, 71, 79, 493, 515, 277, -165, 71, -141, -337, -540, -76, 369, 76, 281, -179]

--- New Best (Episode 7) ---
  Ratio: 1.04972835
  Defect: 76.71456137  MaxCos: 0.549116  MinCos: 0.000122
  b1 = [140, 127, 166, -224, -408, 154, -13, -32, 83, 293, -809, 35, -337, 152, 229, 125, -163, 257, -60, 414, 295, 373, -221, 436, 111, 234, 155, -147, -373, -471, 130, 361, 374, -184, -408, 145, -280, -701, -138, -278, -188, 229, 11, 171, -37, 14, 36, -313, -186, 11, -258, 48, -21, -101, 70, 190, -95, -244, 330, -95, -62, 202, -58, 20, 47, -152, -222, 342, 148, -121, -559]
